image: /home/po/catkin_ws/src/my_robot/map/map.pgm
resolution: 0.010000
origin: [-33.440000, -20.000000, 0.000000]
negate: 0
occupied_thresh: 0.65
free_thresh: 0.196

